3
4
7
9
22
22
25
29
29
31
38
41
41
42
50
54
54
56
59
68
72
73
73
76
76
81
88
94
98
107
109
110
113
117
118
124
141
142
143
143
146
146
149
154
160
176
177
185
186
189
192
194
196
201
203
206
206
213
216
223
228
236
250
256
260
263
265
265
270
282
286
289
292
293
301
304
304
314
316
323
327
329
334
336
348
351
354
356
384
403
412
417
424
425
427
437
448
451
455
458
467
468
473
482
483
485
486
492
499
504
509
524
528
536
538
538
543
548
548
549
556
557
557
562
566
574
575
581
586
590
601
602
602
609
609
611
621
627
628
630
630
630
650
663
668
672
675
691
696
700
706
706
707
711
713
722
725
735
749
749
751
760
761
772
779
784
787
789
791
799
809
815
825
825
826
830
834
837
839
845
852
875
876
878
882
889
891
894
899
901
901
912
913
914
933
939
945
946
952
975
991
995
997
998
1002
1004
1004
1009
1016
1018
1019
1021
1024
1026
1037
1039
1059
1061
1072
1073
1076
1078
1081
1086
1099
1102
1106
1108
1112
1114
1114
1116
1119
1120
1125
1130
1132
1133
1140
1143
1151
1154
1154
1155
1174
1174
1186
1192
1193
1197
1201
1203
1203
1216
1222
1222
1225
1225
1235
1241
1248
1259
1265
1265
1271
1280
1283
1283
1287
1288
1293
1300
1303
1304
1304
1309
1317
1319
1323
1324
1330
1334
1335
1338
1343
1356
1360
1362
1363
1364
1411
1412
1414
1417
1417
1419
1423
1423
1424
1426
1427
1429
1431
1440
1440
1458
1460
1462
1463
1464
1468
1478
1478
1478
1479
1484
1489
1494
1501
1505
1512
1512
1513
1516
1520
1521
1535
1539
1539
1540
1541
1542
1542
1544
1544
1546
1549
1550
1557
1560
1566
1577
1586
1588
1589
1601
1618
1619
1625
1627
1627
1628
1635
1635
1636
1638
1642
1651
1653
1655
1656
1660
1674
1680
1688
1695
1699
1702
1705
1706
1719
1724
1725
1727
1730
1741
1753
1759
1764
1764
1770
1778
1784
1819
1828
1833
1834
1841
1843
1859
1869
1870
1870
1882
1886
1901
1903
1904
1910
1924
1925
1925
1927
1929
1935
1942
1943
1945
1946
1949
1955
1963
1963
1963
1970
1973
1975
1994
1999
2000
2012
2036
2039
2044
2045
2045
2053
2054
2061
2068
2083
2087
2089
2089
2104
2110
2111
2126
2130
2143
2153
2155
2158
2162
2165
2165
2169
2169
2171
2172
2182
2190
2191
2193
2194
2201
2210
2221
2223
2224
2227
2234
2250
2254
2258
2263
2264
2271
2280
2286
2288
2293
2297
2304
2307
2317
2318
2325
2349
2351
2356
2357
2364
2369
2372
2377
2383
2385
2387
2392
2392
2393
2399
2405
2410
2411
2414
2422
2422
2424
2429
2433
2438
2440
2442
2447
2449
2452
2456
2467
2484
2484
2488
2490
2506
2507
2509
2511
2519
2526
2530
2530
2533
2547
2550
2550
2550
2551
2579
2590
2592
2592
2594
2594
2596
2599
2601
2605
2606
2608
2610
2612
2617
2620
2620
2624
2625
2626
2626
2628
2635
2638
2638
2645
2647
2649
2659
2663
2664
2669
2671
2674
2674
2679
2686
2696
2702
2703
2705
2712
2714
2718
2723
2726
2727
2735
2742
2754
2757
2758
2759
2761
2774
2799
2801
2808
2814
2814
2816
2819
2826
2836
2842
2844
2849
2851
2860
2862
2865
2866
2868
2871
2871
2883
2889
2893
2897
2901
2914
2914
2930
2939
2939
2942
2944
2950
2950
2959
2959
2964
2965
2972
2983
2994
2996
3008
3008
3010
3020
3023
3023
3028
3031
3032
3036
3036
3040
3061
3062
3065
3071
3074
3076
3083
3088
3094
3103
3113
3115
3116
3117
3128
3133
3143
3146
3153
3170
3178
3187
3191
3196
3196
3197
3200
3214
3217
3222
3231
3241
3246
3254
3257
3261
3262
3272
3282
3282
3287
3290
3291
3297
3298
3298
3310
3314
3319
3319
3322
3324
3331
3343
3358
3360
3361
3366
3381
3393
3402
3431
3434
3435
3444
3453
3459
3465
3468
3477
3481
3488
3490
3493
3504
3520
3521
3527
3528
3539
3541
3549
3558
3562
3571
3585
3585
3585
3589
3603
3618
3623
3626
3637
3647
3649
3651
3652
3652
3654
3656
3663
3677
3679
3684
3686
3690
3693
3695
3697
3704
3705
3713
3717
3724
3729
3738
3746
3754
3755
3757
3758
3760
3763
3776
3787
3788
3789
3806
3812
3824
3830
3830
3832
3832
3845
3848
3851
3852
3870
3870
3876
3879
3897
3903
3910
3932
3933
3936
3937
3943
3959
3960
3967
3972
3972
3978
3978
3986
3986
3987
3993
4009
4009
4011
4011
4012
4016
4019
4022
4029
4032
4038
4041
4042
4042
4051
4073
4085
4085
4091
4100
4130
4142
4145
4147
4156
4157
4162
4169
4170
4170
4171
4175
4180
4182
4183
4187
4188
4201
4214
4214
4222
4230
4233
4257
4265
4271
4273
4289
4293
4296
4310
4311
4314
4314
4314
4315
4315
4315
4335
4338
4344
4351
4351
4354
4356
4358
4358
4359
4362
4370
4370
4371
4373
4375
4376
4390
4394
4406
4414
4415
4424
4424
4430
4461
4465
4473
4475
4475
4485
4485
4486
4489
4497
4498
4504
4511
4513
4515
4516
4537
4542
4556
4557
4559
4566
4566
4577
4578
4590
4597
4597
4602
4605
4607
4618
4626
4627
4630
4640
4644
4649
4658
4659
4665
4668
4669
4676
4677
4679
4682
4687
4689
4691
4694
4701
4712
4719
4735
4735
4737
4742
4746
4758
4759
4764
4767
4768
4772
4775
4779
4782
4790
4791
4797
4799
4802
4803
4813
4816
4816
4828
4833
4834
4854
4856
4856
4856
4867
4870
4887
4888
4894
4895
4896
4902
4903
4906
4913
4924
4925
4931
4933
4938
4941
4945
4946
4947
4949
4955
4955
4956
4957
4962
4962
4963
4967
4971
4973
4976
4977
4990
